HIP    HD     Vmag  VTmag B_V   Bt_Vt Plx ± e_Plx     MVt   MV     SpType
45     224766 09.59 09.81       +0.81 015.10 ± 001.92 +5.70 +05.48 G6/G8V:
1847          09.93 10.14 +0.48 +0.51 -00.77 ± 006.01              K0
1902   2051   08.88                                                Ne...
2236   2480   08.59 08.69       +0.77 011.49 ± 002.55 +3.99 +03.89 G8IV+F/G
2287   2571   09.90 09.69 +0.58 +0.62 -06.82 ± 005.82              G1V
2424          10.01 10.06 +0.49 +0.52 -01.20 ± 004.22              F2
2635   2982   08.48 08.55 +0.20 +0.20 -00.72 ± 002.40              A2
2758   3245   08.51 08.35 +0.22 +0.23 -00.48 ± 001.67              A0IV/V
3061          11.66                   008.17 ± 010.12       +06.22 
3291          11.02 10.76       +0.86 001.16 ± 004.86 +1.08 +01.34 
3937          12.01                   083.20 ± 009.08       +11.61 
4121   5005   07.81 08.38 +0.10 +0.06 -00.81 ± 001.71              O5.5((f))
4451   5440   08.46 08.67 +1.30 +1.12 -00.97 ± 001.87              K2
5452   6956   09.34 09.69       +0.96 012.52 ± 004.01 +5.18 +04.83 G8/K0V
5630   7114   08.14 08.61       +0.26 006.68 ± 002.54 +2.73 +02.26 A0+...
5877          10.99 11.14 +0.48 +0.62 -00.64 ± 005.15              F5
6132          11.14                                                G0/G1IV/V
7495          09.66 09.84 +1.20 +0.33 -03.84 ± 002.71              K0
7841          09.15 09.09       +0.91 014.32 ± 003.09 +4.87 +04.93 K1V
7864   10412  08.41 08.63       +0.37 005.54 ± 001.56 +2.35 +02.13 F0V
8801   11561  08.25 08.55       +1.04 004.84 ± 002.03 +1.98 +01.67 K:III+...
10032  13053  08.47 08.84       +0.12 001.13 ± 001.93 -0.90 -01.26 B9
10704  13970  08.31 08.44 +0.13 +0.13 -00.58 ± 001.99              B5Ib
10966  14472  08.53 09.04       +0.17 002.28 ± 002.44 +0.83 +00.32 A3
11829  15804  08.75       +0.20                                    G5
11888  236970 08.84 09.35 +0.89 +0.91 -03.57 ± 003.17              A2Iab
13199  17613  08.74 08.68 +0.59 +0.64 -00.85 ± 004.89              F8+...
14101         10.40                   092.97 ± 038.04       +10.24 
16216         11.41                                                
16324         10.40 10.73       +1.39 020.13 ± 005.75 +7.25 +06.92 K4.5
16729  22089  08.82 08.90 +0.00 +0.13 -01.74 ± 002.01              A0
16983  22570  08.93 09.15 +0.32 +0.34 -00.28 ± 026.17              A5
17321  24428  10.21 09.74 +0.49 +0.53 -03.52 ± 021.56              F:
17646  281172 09.91 09.12       +0.49 002.03 ± 003.15 +0.65 +01.45 A0
17757  23826  09.39 09.57 +0.49 +0.52 -02.54 ± 003.81              F5
18031         08.60 09.97       +0.23 001.73 ± 005.00 +1.16 -00.21 
18371         09.32 09.51       +1.11 002.83 ± 001.48 +1.77 +01.58 
18377         10.15       +1.26                                    M0
18531  24844  08.78 08.95       +1.14 027.72 ± 002.77 +6.16 +05.99 K0
18591         10.04 10.54       +0.23 002.09 ± 006.54 +2.15 +01.64 
18668  232866 09.99 10.14       +1.01 005.27 ± 004.85 +3.75 +03.60 K2...
18818  24992  08.00 07.87       +0.31 000.77 ± 002.04 -2.70 -02.57 B3III+...
19464  283432 09.55 09.89       +0.58 007.87 ± 003.82 +4.37 +04.03 G0
19660  232908 09.80 09.98       +0.76 002.07 ± 002.88 +1.56 +01.38 A0
19895  26873  07.64 07.81       +0.62 006.40 ± 001.33 +1.84 +01.67 G0
20472  27762  06.64 06.78       +0.21 013.23 ± 001.34 +2.38 +02.25 A2
20990  285846 11.03                   -06.68 ± 004.04              G0-K2Ve (Li)
21078  28630  06.78 07.24       +1.25 012.13 ± 001.37 +2.65 +02.20 G5+...
21148  28446  05.78 05.78 +0.12 +0.12 -01.53 ± 001.02              B0III SB
22951  31166  07.92 07.86       +0.50 010.15 ± 001.39 +2.90 +02.95 F8+...
23624  32358  09.19 09.36 +0.37 +0.28 -02.60 ± 003.63              B6V
23904         11.18 11.44 +0.23 -0.07 -00.59 ± 007.24              
24078         11.39       +1.53                                    M:
24088  33448  09.51 09.57 +0.11 +0.11 -01.25 ± 005.30              A0
24687  34526  09.47 09.54 +0.40 +0.42 -00.40 ± 002.31              A2
25040         12.57                   008.37 ± 016.99       +07.18 
25540         10.64 10.66 +0.99 +1.16 -01.82 ± 002.80              G5Vpe
26275         10.01 10.13 +0.41 +0.38 -00.64 ± 003.75              F0
26402  37234  07.74 07.79 +0.01 +0.01 -01.55 ± 001.74              B9
26878         08.33 08.79       +0.55 000.70 ± 001.53 -1.98 -02.44 
27040  38017  08.11 08.13 +0.27 +0.27 -00.24 ± 001.58              B3II
27108  37880  08.87 09.01 +0.12 +0.17 -00.11 ± 002.36              A0
27506  39035  08.83 09.28 +0.08 +0.08 -00.40 ± 002.92              A1V
27911  39588  07.95       +0.40       -01.68 ± 003.38              A0
27974  40154  09.63 09.79       +0.65 010.96 ± 001.46 +4.99 +04.83 G3V
27996         11.51                   008.58 ± 001.44       +06.18 
28401         11.88                   006.53 ± 006.94       +05.95 
29773         11.66                   011.91 ± 004.69       +07.04 
29951  43857  06.88 06.84       +0.12 004.84 ± 001.25 +0.26 +00.30 A0
30814  45233  09.35 09.67       +0.82 -01.69 ± 003.71              G5
31110  46105  07.21 07.16 -0.02 -0.02 -22.14 ± 006.43              A1p
31157         10.83       +1.26                                    M0
31825  47851  09.67                                                F2
31833         11.48                   021.21 ± 002.99       +08.11 
32000  48061  07.90       +0.10                                    B9
32400  263502 08.86 08.62 +0.46 +0.49 -00.74 ± 003.29              A7
32457         10.90                   005.94 ± 006.89       +04.77 Gp
32609  48766  05.54 06.32       +0.51 021.26 ± 001.32 +2.96 +02.18 F5V:+...
33406  51359  07.99 07.96 +0.35 +0.37 -00.12 ± 002.24              A5
34226         09.08       +0.60                                    F8
34262  53857  08.26 08.18 -0.02 -0.03 -01.05 ± 003.05              B3V
34716         07.35       -0.01                                    B9
35129  57286  09.46 09.66 +0.50 +0.52 -00.28 ± 002.01              F2V:
35451  57117  09.05 09.04 +0.04 +0.04 -09.83 ± 002.81              B9V
35647  57158  08.09 08.41       +0.07 000.42 ± 002.35 -3.47 -03.79 A0
35666  57289  08.89 09.21       +0.52 004.62 ± 003.03 +2.54 +02.21 F
36108  59169  09.86 10.12       +0.62 008.50 ± 001.87 +4.77 +04.51 G3IV/V
36532  59841  08.17 08.15 -0.15 -0.15 -00.56 ± 001.07              B8II/III
36649         13.64                                                
36843  60355  07.30 07.46       -0.03 003.72 ± 001.50 +0.31 +00.15 B8
37059         09.57 10.02 +0.50 +0.49 -00.99 ± 006.43              F2
37249  61366  07.98 08.16       +1.22 004.44 ± 003.52 +1.39 +01.22 G5
37531         09.81 10.02       +0.53 004.52 ± 003.01 +3.29 +03.09 F8
37743  62678  10.02 10.18 +0.20 +0.14 -00.86 ± 003.22              B4/B5III:
39217  66097  07.06 07.12       +0.08 005.68 ± 001.16 +0.89 +00.83 A1V
39328         10.26 10.47       +0.45 -00.20 ± 011.68              
39332         09.73 09.06 +0.32 +0.34 -04.61 ± 003.09              A1
39337         09.14 10.65 +2.73 +0.52 -02.20 ± 004.98              NV...
39479  67106  09.18 09.24 +0.08 +0.09 -00.26 ± 002.04              B8/B9V
39518  66067  07.64 07.82       +0.02 003.39 ± 001.27 +0.47 +00.29 A0
39562  67515  07.25 07.56       -0.05 002.48 ± 000.84 -0.46 -00.78 B8V
39653         10.28 10.78 +0.50 +0.76 -06.17 ± 005.36              
40272         12.03       +1.62                                    
40300  69126  09.11 09.19 +0.50 -0.05 -02.04 ± 002.06              B8/B9V
40359         10.19 10.52       +1.85 027.50 ± 002.65 +7.71 +07.39 K7V
40554  69531  08.99 09.15 +0.00 +0.05 -00.59 ± 001.70              A0IV
41709         09.13 09.49       +1.73 000.49 ± 001.72 -2.06 -02.42 K2
42955  74819  09.12 09.22 +0.27 +0.28 -01.18 ± 002.81              A7IV
43283         10.83                                                
43708         11.94       +1.60                                    M6...
43820         08.05       +1.39                                    K5V
44197         09.40       +1.61                                    K7
44232  77421  09.27 09.44 +0.46 +0.52 -06.16 ± 002.12              B
44541         10.60 10.74       +1.79 017.84 ± 003.13 +7.00 +06.86 
44640         09.94 09.94 +0.56 +0.60 -00.43 ± 003.42              F8
45586         09.96 10.50       +0.79 001.56 ± 002.65 +1.47 +00.93 F8
45792         12.40                                                F3V
46323         10.63                   003.97 ± 007.42       +03.62 
46710         10.05                   024.26 ± 006.58       +06.97 
47228         12.20                   026.05 ± 007.44       +09.28 
47579         10.44 10.59 +0.34 +0.36 -00.56 ± 003.47              F5
48257         09.88 10.02 +0.53 +0.51 -00.59 ± 005.67              
48307  84981  09.27       +0.90                                    K0
48406  85442  08.97 08.52       +0.22 -00.49 ± 002.28              B9
48420  85602  08.97 08.86 +0.25 +0.27 -01.62 ± 002.38              A0V+A/F
48547  85860  07.20 07.08       -0.11 002.70 ± 000.97 -0.77 -00.64 B3/5V + B/A
48645  85994  08.54       +0.89                                    K1V
48665  86269  09.53                                                K3V
48779  86557  07.93 07.98 -0.04 -0.05 -01.02 ± 000.94              B5/B6IV:
49210         10.95                   013.09 ± 004.62       +06.53 K5V
50085         11.82                   -02.75 ± 005.15              
50572         07.19       +1.70                                    
50696         11.23                   029.63 ± 002.44       +08.59 
51496         10.57       +1.41                                    K7V
51662  91593  07.32 07.63 +0.04 +0.08 -15.46 ± 024.99              A1V
53132  94314  08.73 08.72       +0.57 -00.13 ± 002.11              F8
53743  95414  09.13 08.74 +0.21 +0.28 -00.39 ± 001.99              B1III
53804         09.33 09.81       +0.94 009.51 ± 004.25 +4.70 +04.22 G5
54133  96215  09.67 10.00       +1.16 008.72 ± 002.81 +4.70 +04.37 G5
54299  96345  09.03 09.32       +1.15 022.37 ± 001.84 +6.07 +05.78 K2V
54948  97950  08.85       +0.95                                    WN6 + O5
55203  98230  03.79       +0.61                                    G0V
55573         09.85 10.35       +0.74 006.81 ± 003.96 +4.51 +04.02 K0
55987         11.51                   -24.79 ± 088.33              
56025  99837  08.43 08.50 +0.09 +0.10 -00.17 ± 002.08              A0V
56114  100370 08.17 08.29       +0.11 003.24 ± 001.01 +0.84 +00.72 B9III/IV
56685         10.03 10.46       +1.53 027.67 ± 004.29 +7.68 +07.24 K4V
56769  101205 06.46 06.49 +0.04 +0.00 -01.44 ± 001.42              O8var
56843         10.73 10.83 +0.64 +0.69 -01.20 ± 003.50              G0
57146         09.64 09.02       +0.85 016.70 ± 001.97 +5.13 +05.75 
57342         10.80 10.98       +0.93 014.88 ± 002.84 +6.84 +06.66 
58920  238067 11.05 11.06 +0.71 +0.84 -03.23 ± 003.69              G5
59018         10.87                                                
59251  105541 09.00 09.19 +0.48 +0.49 -00.44 ± 003.41              F0V
60178         09.99       +1.45                                    M0V
60444         11.19                   077.01 ± 005.72       +10.62 
60450         11.16                                                
61146  108998 08.85 08.55 +0.23 +0.25 -00.04 ± 002.51              B9.5V
61231         10.38       +1.10                                    
61524  109450 09.06 09.25       +1.49 006.43 ± 001.48 +3.29 +03.10 K1III
61859  110185 08.85 09.04 +1.37 +1.64 -01.96 ± 001.42              K3III
61898  110206 08.91 09.01 +0.00 +0.03 -04.15 ± 004.33              B8V
62192         10.81 11.04 +0.70 +0.54 -00.49 ± 002.58              G0
63301         10.24 10.36 +0.39 +0.41 -01.92 ± 005.64              F8
63470  112795 09.42 08.84 +0.63 +0.69 -00.01 ± 003.44              F5:IV/V+...
64846  115411 09.93 10.38       +0.34 009.92 ± 006.42 +5.36 +04.91 G2/G3V
65385         12.42                   020.85 ± 005.21       +09.02 Fp...
65740         11.80                   021.76 ± 004.98       +08.49 
65752         08.82 08.98 -0.03 -0.04 -00.77 ± 002.23              B9
66182         12.96                   059.10 ± 114.46       +11.82 
66529         11.02 11.04 +0.57 +0.61 -09.49 ± 022.97              
66747  118832 09.00                                                G0:+...
67725         09.64 10.13       +0.31 003.97 ± 002.30 +3.12 +02.63 F5
68588         13.09       +1.49                                    M1
68699  122660 09.15 09.36       +0.40 003.00 ± 003.09 +1.74 +01.54 F3V
69062  123670 08.22 08.30       +0.77 005.00 ± 002.00 +1.80 +01.71 F8...
69579  124465 08.56 09.22       +0.64 004.57 ± 003.24 +2.52 +01.86 F:
69782         09.70                                                F2
69894  125131 08.32 08.22       +0.56 008.22 ± 002.88 +2.79 +02.89 F7V
70039  125255 09.13 09.41       +1.36 003.46 ± 002.06 +2.10 +01.83 G8V
70607  126446 09.52 09.65       +0.72 010.61 ± 002.49 +4.77 +04.65 G3V
71840  129337 07.73 07.92 +0.96 +1.11 -00.89 ± 003.10              G5
72873  131366 08.77 09.23       +0.52 002.95 ± 002.54 +1.58 +01.12 F5V
72896         11.53                   097.83 ± 005.99       +11.48 
72966  131003 09.48 09.58 +0.16 +0.11 -01.42 ± 002.90              A0V
73288  131905 08.27 08.57 +1.61 +1.90 -02.90 ± 001.84              M4III
73534  132689 08.09 08.43 +1.45 +1.73 -00.60 ± 003.44              K3III
73828  132927 08.94 09.15 +0.46 +0.49 -00.28 ± 003.16              A9IV(m)
74185  134156 09.94 10.17       +0.84 000.71 ± 004.31 -0.57 -00.80 G3V
74784  135241 08.12 08.27       -0.08 000.72 ± 001.55 -2.44 -02.59 B3V
75691         12.88                   -09.93 ± 019.94              R...
75842  137583 06.70 06.94       +0.20 012.05 ± 001.34 +2.35 +02.10 A8V
75864  138103 09.73 09.76 +0.39 +0.48 -01.25 ± 002.64              F2
75937  136476 09.92 10.18       +0.70 010.95 ± 002.00 +5.38 +05.12 G0/G1
76001  138138 06.87 06.94       +0.19 009.98 ± 000.98 +1.94 +01.87 A2/A3V
76667         10.39 10.58 +0.49 +0.52 -03.66 ± 006.06              F8
76690  139519 07.61 07.85       +0.27 008.06 ± 001.86 +2.38 +02.14 A2/A3IV/V
76968  139792 07.49 07.84 +1.23 +1.46 -00.21 ± 001.81              M3III+...
77994         10.40 10.61 +0.55 +0.72 -00.68 ± 003.89              O9.5IV
78329  142391 10.40 10.53       +0.47 003.21 ± 002.91 +3.07 +02.93 F6V
78397  143988 08.25 08.37       +0.34 005.79 ± 001.17 +2.18 +02.06 A3
78528         13.55       +1.55                                    
78727  144069 04.16       +0.46                                    F6IV
78853  144118 07.83 07.92       +0.22 007.14 ± 001.46 +2.19 +02.10 A5V
79850         12.45                   -04.67 ± 003.88              
80540         09.88 10.48       +0.74 -00.49 ± 007.59              G0+...
80706         12.30 11.22       +1.89 026.14 ± 003.73 +8.31 +09.39 M0
81554  149250 09.29 09.39 +0.05 +0.06 -00.07 ± 003.50              Ap EuCr(Sr)
81694         09.96       +1.00                                    K6
82196         10.13 10.28 +0.77 +0.86 -02.55 ± 002.09              G0
82627         10.31 10.87 +0.78 +0.69 -10.26 ± 005.53              G0
82752  152616 09.54 09.55 +0.88 +1.01 -01.16 ± 004.07              G0
82953         10.44 10.52 +0.48 +0.51 -00.46 ± 002.18              G0
83038  153002 08.45 08.94       +0.59 005.01 ± 003.94 +2.43 +01.95 F3V
83268  153123 07.60 07.53 -0.02 -0.02 -00.24 ± 001.87              B3V
83371  153507 08.59 08.42 +0.25 +0.27 -00.88 ± 002.21              B7V
83409  153787 09.68 10.33 +0.66 +0.69 -01.11 ± 004.86              F3/F5V:
83850  154766 09.58 10.01       +0.57 003.40 ± 003.53 +2.67 +02.24 F5V
83916         11.38       +0.68       -35.10 ± 030.07              WC
84102         08.80 10.59       +0.50 006.13 ± 001.53 +4.52 +02.74 
84271  155718 07.54 07.60       +0.23 011.14 ± 002.11 +2.83 +02.77 A0
84301         10.01 10.48       +1.28 013.08 ± 009.03 +6.07 +05.59 K3V
84654  329832 10.36 10.71       +0.45 009.50 ± 004.18 +5.60 +05.25 G...
85033  157155 08.77 08.90 +1.04 +1.22 -00.14 ± 002.46              K0/K1III:+.
85737  157578 08.71 08.97       +1.80 -00.71 ± 001.57              K3III
85748  158411 09.35 09.68       +0.65 004.11 ± 003.24 +2.75 +02.42 G3V
85767         11.68                   -09.77 ± 016.73              
86257         10.80                                                Gp
87122  161702 09.73                                                A9V
88330         07.14 08.76       -0.04 -03.59 ± 002.32              
88446         12.33                   -18.41 ± 008.87              Gp
88457  164545 09.86 09.97       +0.59 003.17 ± 002.64 +2.47 +02.37 F7
88564         10.08 10.24       +1.10 015.83 ± 003.10 +6.24 +06.08 G5
88691  165210 07.99 08.02       -0.07 -00.12 ± 001.54              B5III/IV
88759         11.57                                                
88864  165723 07.23 07.52       +1.25 005.17 ± 001.44 +1.09 +00.80 G8/K0III/IV
89526         11.50                   004.47 ± 007.92       +04.75 
89874         10.59                   009.42 ± 006.17       +05.46 K5Ve+K7Ve Li
90490         10.67 10.88       +1.20 014.23 ± 007.32 +6.64 +06.44 K5
90753  170132 09.35 09.63       +0.87 016.34 ± 003.18 +5.70 +05.42 K0V
90996  171365 07.08 07.35       +0.38 007.16 ± 002.23 +1.62 +01.35 F6V
91256         11.04                                                
92005         09.05 08.99 +0.10 +0.15 -00.65 ± 001.71              A2
92007  173741 07.60 07.79 +1.55 +1.88 -00.08 ± 001.22              K5III
92587  174792 08.09 07.98 +0.12 +0.12 -00.16 ± 001.54              A0
92836  230017 09.96       +1.83                                    M0
93096  175531 09.76 09.83       +0.90 015.51 ± 002.18 +5.78 +05.71 G8/K0V:
93539  176555 07.59 07.67 -0.08 -0.14 -09.20 ± 016.66              B9III:
93635  177434 08.28 08.31 +0.49 +0.52 -11.78 ± 006.45              F5+...
94223         10.28 10.60       +0.68 004.51 ± 007.29 +3.87 +03.55 
94737         12.25                   -14.37 ± 007.05              
94961         11.50 10.74 +0.52 +0.55 -05.67 ± 062.04              
95140  349972 09.50 09.61 +0.10 +0.52 -00.99 ± 002.55              A2
95493  181434 09.84                                                F0/F2V
95723         11.07                                                
95734  182821 07.51                   017.07 ± 001.62       +03.67 F8V
96073         09.33       +0.56                                    F8
97162  186587 07.48 07.49       +0.09 002.33 ± 001.39 -0.68 -00.68 B2V
97237         12.38       +1.72                                    M4...
98216  189068 08.46 08.80 +0.30 +0.06 -02.12 ± 005.81              B9
98369  189528 08.11 08.53       +0.03 002.53 ± 003.05 +0.54 +00.13 B9
99264  190981 08.80 09.27       +0.53 001.68 ± 002.48 +0.40 -00.07 F6V
99644  192185 09.35 09.49 +0.04 +0.04 -00.61 ± 003.42              B9
99862  192911 08.36 08.55 +0.39 +0.38 -02.35 ± 005.15              F5
100141        11.32 11.30 +0.50 +0.63 -00.57 ± 003.39              B...
101317 195266 09.96 10.65       +2.11 030.40 ± 003.98 +8.06 +07.37 K5/M0V
101454 195568 09.97 10.18       +0.41 001.73 ± 003.50 +1.37 +01.16 F0/F2V
101798        09.94 10.10       +0.57 007.04 ± 003.02 +4.33 +04.18 
102584 197889 07.13 07.29       +0.23 008.45 ± 001.64 +1.93 +01.76 A1m...
102690 198005 08.84 09.00 +1.00 +1.37 -02.20 ± 002.06              G8III
103375 235405 09.46 09.65       +0.61 008.76 ± 001.40 +4.37 +04.17 G0
103505        09.99 10.17       +1.02 009.25 ± 004.95 +5.00 +04.82 G9.5V +K3V
103996 200192 08.60       +0.89                                    G5III
104047 200660 07.63 08.00       +0.64 016.05 ± 002.41 +4.03 +03.66 G0
104066        09.05 10.19       +0.90 006.72 ± 002.25 +4.33 +03.19 G0
104093        12.04                   -04.00 ± 007.70              
104416        11.13 11.12 +0.64 +0.69 -00.38 ± 005.44              G5
104835 201991 08.31 08.38 +0.45 +0.48 -00.38 ± 002.49              K2/K3III+..
105296 202870 13.78                                                G0V
105399 203235 07.75 07.87       +0.58 014.03 ± 001.51 +3.60 +03.49 F8
105446 203210 08.56 08.38 +0.40 +0.41 -00.33 ± 002.92              F3V
105977 204165 09.07 09.59       +0.52 007.20 ± 004.74 +3.87 +03.36 F3V:
106774 206081 08.25 08.34       +0.28 000.34 ± 001.82 -4.00 -04.09 B1Vn
107141        09.26 09.31 +0.17 +0.18 -01.39 ± 002.60              A0
107342        11.58       +1.29       -00.97 ± 011.36              K7
107393        11.82                   031.11 ± 003.93       +09.28 
107588 207171 08.13 08.06       +0.32 006.47 ± 007.26 +2.11 +02.18 A5II/III
107874 207975 09.02 09.20 +0.40 +0.34 -01.57 ± 001.59              A5
108802        12.37                                                
108983 209497 09.83 09.96       +0.72 003.53 ± 002.99 +2.69 +02.57 G1V
109085        09.11 09.26 +0.29 +0.31 -01.32 ± 002.55              A2
109823 210974 09.77 10.21       +0.84 010.74 ± 004.44 +5.37 +04.93 G8/K0V
110145        10.54 10.77       +0.90 -01.13 ± 010.35              
110799 213023 08.47 08.35 +0.75 +0.65 -01.85 ± 001.97              O9V:
110815        09.14 09.20 -0.05 -0.06 -00.98 ± 001.88              B8
110922        11.97                   040.81 ± 007.66       +10.02 
111034        10.52 10.70       +0.34 003.03 ± 003.67 +3.11 +02.93 A0
111126        09.63 09.69 +0.05 +0.05 -00.05 ± 001.68              A2
111293        09.12       +1.35                                    K5V
112465        11.59                                                G
112737        09.63 09.97 +0.56 +0.52 -01.25 ± 003.25              B8
113544 217351 08.44 08.60       +0.39 003.39 ± 001.47 +1.25 +01.09 A5V
113999 218195 08.37 08.46 +0.25 +0.21 000.00 ± 001.16              O8
114110        12.24                   216.52 ± 018.28       +13.92 
114176        12.28                   147.95 ± 013.76       +13.13 
114440        12.09       +1.22       -06.21 ± 010.15              K7
114469        11.70                   -13.56 ± 007.89              
114791 219460 09.58 10.19       +0.60 000.28 ± 005.13 -2.57 -03.18 WN4.5
114808 219320 09.82 10.19       +0.82 009.52 ± 003.59 +5.09 +04.71 G8V
115781        13.25                   026.90 ± 003.06       +10.40 
115798 236128 10.33 10.57       +0.07 -00.26 ± 002.11              B8
115800 220923 08.22 08.44       +0.55 013.20 ± 002.01 +4.04 +03.82 G0
116191        10.39       +1.48       -16.55 ± 013.75              
116884 222535 09.30 09.51 +1.60 +0.78 -00.32 ± 002.83              G8:III+F
117189 222983 08.59 08.81       +0.39 006.63 ± 002.27 +2.92 +02.70 F0V
117365 223248 08.27 08.90       +0.61 008.33 ± 002.69 +3.51 +02.87 G
117521 223482 09.72 09.82       +0.94 002.33 ± 002.29 +1.66 +01.56 G5III/IV
118118        10.26 10.28 +0.74 +0.82 -00.25 ± 001.94              A0
120004        09.84 09.92       +0.86 012.80 ± 002.69 +5.46 +05.38 G5
120276        12.51                   005.84 ± 004.58       +06.34 
