HIP    HD     Vmag   VTmag  B_V   Bt_Vt Plx ± e_Plx      MVt   MV     SpType
911           +11.80        +0.57       +006.13 ± 005.67       +05.74 F4
1068          +12.49        +1.40       +037.30 ± 006.34       +10.35 M6
1082          +10.68        +0.74       +001.92 ± 005.38       +02.10 
1392   1317   +06.66        +0.59       +015.31 ± 001.35       +02.58 F5
1846          +11.07        +1.31       +016.56 ± 004.30       +07.17 K7
1847          +09.93 10.14  +0.48 +0.51 -000.77 ± 006.01              K0
1902   2051   +08.88                                                  Ne...
2287   2571   +09.90 09.69  +0.58 +0.62 -006.82 ± 005.82              G1V
2391          +12.25        +1.41       +011.25 ± 004.75       +07.51 M3V:
2424          +10.01 10.06  +0.49 +0.52 -001.20 ± 004.22              F2
2552          +10.27        +1.52       +098.74 ± 003.37       +10.24 M2.5Ve
2635   2982   +08.48 08.55  +0.20 +0.20 -000.72 ± 002.40              A2
2758   3245   +08.51 08.35  +0.22 +0.23 -000.48 ± 001.67              A0IV/V
3061          +11.66                    +008.17 ± 010.12       +06.22 
3460          +12.01        +1.23       +001.82 ± 008.55       +03.31 K7
3885   4757   +05.55        +0.40       +009.40 ± 000.88       +00.42 F5III+...
3937          +12.01                    +083.20 ± 009.08       +11.61 
4116   4947   +07.20        +0.10       +005.31 ± 001.55       +00.83 A2
4121   5005   +07.81 08.38  +0.10 +0.06 -000.81 ± 001.71              O5.5((f))
4189          +11.92        +1.49       +042.61 ± 015.51       +10.07 
4451   5440   +08.46 08.67  +1.30 +1.12 -000.97 ± 001.87              K2
4927          +11.36        +1.59       +061.23 ± 005.26       +10.29 M
5443          +11.38        +1.44       +026.61 ± 003.57       +08.51 M0
5877          +10.99 11.14  +0.48 +0.62 -000.64 ± 005.15              F5
5896   7788   +04.25 08.44  +0.48       +048.94 ± 000.53 +6.89 +02.70 F6IV
6132          +11.14                                                  G0/G1IV/V
6730          +11.68        +1.47       +017.23 ± 005.79       +07.86 M0V:
7397          +11.82        +1.30       +010.33 ± 004.37       +06.89 K7V:
7495          +09.66 09.84  +1.20 +0.33 -003.84 ± 002.71              K0
8008          +11.65        +1.46       +029.15 ± 009.05       +08.97 
8687          +11.48        +1.39       +020.13 ± 005.96       +08.00 
9037   11669  +07.43        +0.09       +000.99 ± 002.18       -02.59 B7V
9275          +10.89        +1.47       +033.53 ± 005.29       +08.52 M1V:
10370         +11.83        +1.46       +030.31 ± 005.60       +09.24 
10704  13970  +08.31 08.44  +0.13 +0.13 -000.58 ± 001.99              B5Ib
11829  15804  +08.75        +0.20                                     G5
11888  236970 +08.84 09.35  +0.89 +0.91 -003.57 ± 003.17              A2Iab
12446         +10.85        +1.20       +015.56 ± 004.69       +06.81 K7
12677  16945  +08.39        +0.60       +007.19 ± 003.72       +02.67 G0
13117         +11.69        +1.46       +029.67 ± 009.34       +09.05 
13173         +12.04        +1.44       +020.51 ± 008.55       +08.60 K7
13199  17613  +08.74 08.68  +0.59 +0.64 -000.85 ± 004.89              F8+...
13610         +11.38        +1.40       +035.24 ± 003.81       +09.12 
13752  18309  +08.74        +0.12       +004.83 ± 001.95       +02.16 A0
14101         +10.40                    +092.97 ± 038.04       +10.24 
14886  19771  +07.29        +0.61       +023.60 ± 002.03       +04.15 G0
15220         +10.53        +1.43       +074.29 ± 006.30       +09.88 M2
15300         +11.11        +1.41       +029.49 ± 004.70       +08.46 M0
15368         +11.47        +0.90       +013.76 ± 005.62       +07.16 K7
15844         +10.38        +1.51       +050.54 ± 004.66       +08.90 M0...
16216         +11.41                                                  
16729  22089  +08.82 08.90  +0.00 +0.13 -001.74 ± 002.01              A0
16786         +12.45        +1.44       +022.94 ± 005.61       +09.25 K7
16983  22570  +08.93 09.15  +0.32 +0.34 -000.28 ± 026.17              A5
17275         +11.08        +1.17       +017.58 ± 004.27       +07.31 
17277         +11.31        +1.18       +009.80 ± 005.81       +06.27 K7
17321  24428  +10.21 09.74  +0.49 +0.53 -003.52 ± 021.56              F:
17757  23826  +09.39 09.57  +0.49 +0.52 -002.54 ± 003.81              F5
18115         +11.44        +1.52       +042.09 ± 006.17       +09.56 
18377         +10.15        +1.26                                     M0
19442         +11.32        +1.16       +017.84 ± 002.69       +07.58 
19532         +11.74        +1.32       +017.01 ± 005.04       +07.89 K7
19948         +10.91        +1.51       +047.05 ± 006.24       +09.27 
20990  285846 +11.03                    -006.68 ± 004.04              G0-K2Ve (Li)
21148  28446  +05.78 05.78  +0.12 +0.12 -001.53 ± 001.02              B0III SB
21186         +11.03        +1.51       +024.04 ± 004.57       +07.93 M0V:
21659         +11.36        +0.80       +018.49 ± 007.93       +07.69 M0
22182         +11.55        +0.96       +025.54 ± 011.70       +08.59 
22738         +10.73        +1.58       +089.47 ± 003.55       +10.49 M2Ve
23418         +11.45        +1.54       +031.20 ± 008.56       +08.92 M3V:
23624  32358  +09.19 09.36  +0.37 +0.28 -002.60 ± 003.63              B6V
23904         +11.18 11.44  +0.23 -0.07 -000.59 ± 007.24              
24078         +11.39        +1.53                                     M:
24088  33448  +09.51 09.57  +0.11 +0.11 -001.25 ± 005.30              A0
24261  33766  +08.63        +0.00       +007.58 ± 002.14       +03.03 B9V
24608  34029  +00.08        +0.80       +077.29 ± 000.89       -00.48 M1: comp
24687  34526  +09.47 09.54  +0.40 +0.42 -000.40 ± 002.31              A2
25040         +12.57                    +008.37 ± 016.99       +07.18 
25540         +10.64 10.66  +0.99 +1.16 -001.82 ± 002.80              G5Vpe
26275         +10.01 10.13  +0.41 +0.38 -000.64 ± 003.75              F0
26402  37234  +07.74 07.79  +0.01 +0.01 -001.55 ± 001.74              B9
27040  38017  +08.11 08.13  +0.27 +0.27 -000.24 ± 001.58              B3II
27108  37880  +08.87 09.01  +0.12 +0.17 -000.11 ± 002.36              A0
27506  39035  +08.83 09.28  +0.08 +0.08 -000.40 ± 002.92              A1V
27911  39588  +07.95        +0.40       -001.68 ± 003.38              A0
27996         +11.51                    +008.58 ± 001.44       +06.18 
28319         +12.80        +0.28       +037.20 ± 008.66       +10.65 
28401         +11.88                    +006.53 ± 006.94       +05.95 
29773         +11.66                    +011.91 ± 004.69       +07.04 
30814  45233  +09.35 09.67        +0.82 -001.69 ± 003.71              G5
30920         +11.12        +1.69       +242.89 ± 002.64       +13.05 M4.5Ve
31110  46105  +07.21 07.16  -0.02 -0.02 -022.14 ± 006.43              A1p
31126         +10.58        +1.43       +041.35 ± 002.16       +08.66 
31157         +10.83        +1.26                                     M0
31681  47105  +01.93 02.02  +0.00       +031.12 ± 002.33 -0.51 -00.60 A0IV
31825  47851  +09.67                                                  F2
31833         +11.48                    +021.21 ± 002.99       +08.11 
32000  48061  +07.90        +0.10                                     B9
32349  48915  -01.44        +0.01       +379.21 ± 001.58       +01.45 A0m...
32400  263502 +08.86 08.62  +0.46 +0.49 -000.74 ± 003.29              A7
32457         +10.90                    +005.94 ± 006.89       +04.77 Gp
33020         +11.26        +1.42       +017.75 ± 007.77       +07.51 M0
33406  51359  +07.99 07.96  +0.35 +0.37 -000.12 ± 002.24              A5
33499         +10.81        +1.64       +124.62 ± 002.64       +11.29 M4+...
34226         +09.08        +0.60                                     F8
34262  53857  +08.26 08.18  -0.02 -0.03 -001.05 ± 003.05              B3V
34716         +07.35        -0.01                                     B9
35129  57286  +09.46 09.66  +0.50 +0.52 -000.28 ± 002.01              F2V:
35451  57117  +09.05 09.04  +0.04 +0.04 -009.83 ± 002.81              B9V
36532  59841  +08.17 08.15  -0.15 -0.15 -000.56 ± 001.07              B8II/III
36546         +11.41        +1.41       +032.10 ± 008.94       +08.94 M2V:
36649         +13.64                                                  
36850  60179  +01.58        +0.03       +063.27 ± 001.23       +00.59 A2Vm
37059         +09.57 10.02  +0.50 +0.49 -000.99 ± 006.43              F2
37279  61421  +00.40        +0.43       +285.93 ± 000.88       +02.68 F5IV-V
37743  62678  +10.02 10.18  +0.20 +0.14 -000.86 ± 003.22              B4/B5III:
37942  62968  +07.49        +0.63       +001.86 ± 001.95       -01.16 F5
38203  64162  +07.28        +0.00       +003.94 ± 000.85       +00.26 A1V
39097         +10.58        +0.56       +013.15 ± 005.44       +06.17 F8
39328         +10.26 10.47        +0.45 -000.20 ± 011.68              
39332         +09.73 09.06  +0.32 +0.34 -004.61 ± 003.09              A1
39337         +09.14 10.65  +2.73 +0.52 -002.20 ± 004.98              NV...
39479  67106  +09.18 09.24  +0.08 +0.09 -000.26 ± 002.04              B8/B9V
39607  66684  +06.21        +0.01       +003.49 ± 001.09       -01.08 A0V
39653         +10.28 10.78  +0.50 +0.76 -006.17 ± 005.36              
39685         +11.48        +1.49       +031.73 ± 002.88       +08.99 
40089         +11.29        +1.38       +024.30 ± 003.95       +08.22 M0
40167  68255  +04.67        +0.53       +039.11 ± 001.38       +02.63 G0V
40272         +12.03        +1.62                                     
40300  69126  +09.11 09.19  +0.50 -0.05 -002.04 ± 002.06              B8/B9V
40554  69531  +08.99 09.15  +0.00 +0.05 -000.59 ± 001.70              A0IV
42955  74819  +09.12 09.22  +0.27 +0.28 -001.18 ± 002.81              A7IV
43233         +10.35        +1.30       +038.73 ± 004.93       +08.29 M0
43283         +10.83                                                  
43426  75353  +06.86        +0.59       +017.24 ± 001.83       +03.04 F8
43708         +11.94        +1.60                                     M6...
43820         +08.05        +1.39                                     K5V
44197         +09.40        +1.61                                     K7
44232  77421  +09.27 09.44  +0.46 +0.52 -006.16 ± 002.12              B
44640         +09.94 09.94  +0.56 +0.60 -000.43 ± 003.42              F8
44914         +11.09        +1.10       +015.80 ± 005.74       +07.08 K5V
45792         +12.40                                                  F3V
46323         +10.63                    +003.97 ± 007.42       +03.62 
46710         +10.05                    +024.26 ± 006.58       +06.97 
47228         +12.20                    +026.05 ± 007.44       +09.28 
47579         +10.44 10.59  +0.34 +0.36 -000.56 ± 003.47              F5
47716         +10.77        +1.33       +019.89 ± 004.20       +07.26 
47890         +12.05        +1.57       +034.92 ± 006.70       +09.77 
48257         +09.88 10.02  +0.53 +0.51 -000.59 ± 005.67              
48307  84981  +09.27        +0.90                                     K0
48354         +10.51        +0.65       +008.65 ± 003.47       +05.20 F8
48406  85442  +08.97 08.52        +0.22 -000.49 ± 002.28              B9
48420  85602  +08.97 08.86  +0.25 +0.27 -001.62 ± 002.38              A0V+A/F
48645  85994  +08.54        +0.89                                     K1V
48665  86269  +09.53                                                  K3V
48779  86557  +07.93 07.98  -0.04 -0.05 -001.02 ± 000.94              B5/B6IV:
49186         +11.15        +1.20       +005.70 ± 004.61       +04.93 K0
49210         +10.95                    +013.09 ± 004.62       +06.53 K5V
50085         +11.82                    -002.75 ± 005.15              
50518  89613  +07.01        +0.20       +006.06 ± 000.88       +00.92 A4
50572         +07.19        +1.70                                     
50696         +11.23                    +029.63 ± 002.44       +08.59 
51496         +10.57        +1.41                                     K7V
51662  91593  +07.32 07.63  +0.04 +0.08 -015.46 ± 024.99              A1V
52190         +11.02        +1.53       +068.38 ± 003.76       +10.19 
52774         +12.28        +1.57       +013.11 ± 012.16       +07.87 M1
53132  94314  +08.73 08.72        +0.57 -000.13 ± 002.11              F8
53743  95414  +09.13 08.74  +0.21 +0.28 -000.39 ± 001.99              B1III
54553         +11.51        +1.56       +024.84 ± 003.09       +08.49 M0
54603         +10.88        +1.18       +020.05 ± 010.85       +07.39 
54658         +10.92        +1.63       +059.01 ± 003.92       +09.77 M4
54948  97950  +08.85        +0.95                                     WN6 + O5
55203  98230  +03.79        +0.61                                     G0V
55987         +11.51                    -024.79 ± 088.33              
56025  99837  +08.43 08.50  +0.09 +0.10 -000.17 ± 002.08              A0V
56769  101205 +06.46 06.49  +0.04 +0.00 -001.44 ± 001.42              O8var
56843         +10.73 10.83  +0.64 +0.69 -001.20 ± 003.50              G0
57589         +11.13        +1.66       +019.87 ± 002.38       +07.62 Mp
57731         +11.29        +1.37       +012.61 ± 008.18       +06.79 M0V
58197         +11.21        +1.40       +025.60 ± 009.96       +08.25 
58791  104711 +07.86 08.29  +0.39       +003.64 ± 002.79 +1.10 +00.67 F0
58920  238067 +11.05 11.06  +0.71 +0.84 -003.23 ± 003.69              G5
59018         +10.87                                                  
59251  105541 +09.00 09.19  +0.48 +0.49 -000.44 ± 003.41              F0V
59301         +11.39        +1.44       +024.11 ± 005.50       +08.30 M0
60178         +09.99        +1.45                                     M0V
60444         +11.19                    +077.01 ± 005.72       +10.62 
60450         +11.16                                                  
61146  108998 +08.85 08.55  +0.23 +0.25 -000.04 ± 002.51              B9.5V
61231         +10.38        +1.10                                     
61859  110185 +08.85 09.04  +1.37 +1.64 -001.96 ± 001.42              K3III
61898  110206 +08.91 09.01  +0.00 +0.03 -004.15 ± 004.33              B8V
62192         +10.81 11.04  +0.70 +0.54 -000.49 ± 002.58              G0
62556         +10.94        +1.63       +098.14 ± 001.67       +10.90 M4
62779         +11.27        +1.03       +009.98 ± 005.69       +06.27 K0V
63301         +10.24 10.36  +0.39 +0.41 -001.92 ± 005.64              F8
63470  112795 +09.42 08.84  +0.63 +0.69 -000.01 ± 003.44              F5:IV/V+...
63816         +10.70        +1.58       +031.44 ± 003.62       +08.19 M0...
63882         +11.74        +1.64       +043.18 ± 006.95       +09.92 M4
63982         +10.84        +0.61       +001.74 ± 006.13       +02.04 G0V
65385         +12.42                    +020.85 ± 005.21       +09.02 Fp...
65714         +11.23        +1.54       +070.62 ± 002.40       +10.47 M4+...
65740         +11.80                    +021.76 ± 004.98       +08.49 
65752         +08.82 08.98  -0.03 -0.04 -000.77 ± 002.23              B9
65809         +11.84        +1.15       +018.33 ± 007.64       +08.16 
66077         +11.38        +1.54       +072.66 ± 040.63       +10.69 M4Ve
66182         +12.96                    +059.10 ± 114.46       +11.82 
66529         +11.02 11.04  +0.57 +0.61 -009.49 ± 022.97              
66747  118832 +09.00                                                  G0:+...
67086         +10.84        +1.40       +020.49 ± 003.99       +07.40 M0
67309         +11.58        +1.51       +035.81 ± 003.99       +09.35 M0
68588         +13.09        +1.49                                     M1
69782         +09.70                                                  F2
69819         +11.37        +1.16       +010.17 ± 015.54       +06.41 M0
70845         +10.93        +0.80       +013.25 ± 007.56       +06.54 
71681  128621 +01.35        +0.90       +742.12 ± 001.40       +05.70 K1V
71683  128620 -00.01        +0.71       +742.12 ± 001.40       +04.34 G2V
71840  129337 +07.73 07.92  +0.96 +1.11 -000.89 ± 003.10              G5
72896         +11.53                    +097.83 ± 005.99       +11.48 
72966  131003 +09.48 09.58  +0.16 +0.11 -001.42 ± 002.90              A0V
73182  131976 +08.01        +1.52       +133.63 ± 033.56       +08.64 K5V
73192         +11.08        +1.32       +024.56 ± 005.24       +08.03 M2
73288  131905 +08.27 08.57  +1.61 +1.90 -002.90 ± 001.84              M4III
73534  132689 +08.09 08.43  +1.45 +1.73 -000.60 ± 003.44              K3III
73828  132927 +08.94 09.15  +0.46 +0.49 -000.28 ± 003.16              A9IV(m)
74291  134537 +08.39        +0.60       +007.45 ± 001.49       +02.75 F2V
74331         +10.70        +1.55       +030.51 ± 003.73       +08.12 K5
75311         +10.67        +0.75       +017.10 ± 006.97       +06.83 G0
75691         +12.88                    -009.93 ± 019.94              R...
75864  138103 +09.73 09.76  +0.39 +0.48 -001.25 ± 002.64              F2
76003  138253 +07.71        +0.57       +011.64 ± 001.47       +03.04 F5V
76667         +10.39 10.58  +0.49 +0.52 -003.66 ± 006.06              F8
76968  139792 +07.49 07.84  +1.23 +1.46 -000.21 ± 001.81              M3III+...
77269         +10.31        +1.59       +021.28 ± 004.98       +06.95 K8
77994         +10.40 10.61  +0.55 +0.72 -000.68 ± 003.89              O9.5IV
78528         +13.55        +1.55                                     
78727  144069 +04.16        +0.46                                     F6IV
79440         +10.04        +0.19       +003.71 ± 006.31       +02.89 
79850         +12.45                    -004.67 ± 003.88              
80399  147722 +05.40        +0.62       +031.82 ± 001.12       +02.91 G0
80448  147633 +07.33        +0.30       +022.04 ± 002.82       +04.05 K0/1V: + F
80540         +09.88 10.48        +0.74 -000.49 ± 007.59              G0+...
80776         +09.96        +0.51       +007.78 ± 004.79       +04.41 F0...
81554  149250 +09.29 09.39  +0.05 +0.06 -000.07 ± 003.50              Ap EuCr(Sr)
81694         +09.96        +1.00                                     K6
82196         +10.13 10.28  +0.77 +0.86 -002.55 ± 002.09              G0
82627         +10.31 10.87  +0.78 +0.69 -010.26 ± 005.53              G0
82752  152616 +09.54 09.55  +0.88 +1.01 -001.16 ± 004.07              G0
82926         +11.18        +1.51       +068.71 ± 005.02       +10.37 M3Ve+...
82953         +10.44 10.52  +0.48 +0.51 -000.46 ± 002.18              G0
83268  153123 +07.60 07.53  -0.02 -0.02 -000.24 ± 001.87              B3V
83371  153507 +08.59 08.42  +0.25 +0.27 -000.88 ± 002.21              B7V
83409  153787 +09.68 10.33  +0.66 +0.69 -001.11 ± 004.86              F3/F5V:
83916         +11.38        +0.68       -035.10 ± 030.07              WC
84123         +11.45        +1.60       +092.58 ± 005.11       +11.28 G
85033  157155 +08.77 08.90  +1.04 +1.22 -000.14 ± 002.46              K0/K1III:+.
85737  157578 +08.71 08.97        +1.80 -000.71 ± 001.57              K3III
85745  158468 +07.14        +0.54       +011.34 ± 001.63       +02.41 F6V
85767         +11.68                    -009.77 ± 016.73              
86257         +10.80                                                  Gp
87122  161702 +09.73                                                  A9V
88079         +11.57        +1.50       +019.77 ± 001.90       +08.05 K4
88330         +07.14 08.76        -0.04 -003.59 ± 002.32              
88446         +12.33                    -018.41 ± 008.87              Gp
88601  165341 +04.03        +0.86       +196.62 ± 001.38       +05.50 K0V SB
88691  165210 +07.99 08.02        -0.07 -000.12 ± 001.54              B5III/IV
88759         +11.57                                                  
88762  165528 +10.31        +1.49       +009.87 ± 008.63       +05.28 K2/K3III:
89526         +11.50                    +004.47 ± 007.92       +04.75 
89621         +11.28        +1.36       +013.28 ± 005.37       +06.90 M1
89874         +10.59                    +009.42 ± 006.17       +05.46 K5Ve+K7Ve Li
91256         +11.04                                                  
91262  172167 +00.03        -0.00       +128.93 ± 000.55       +00.58 A0Vvar
92005         +09.05 08.99  +0.10 +0.15 -000.65 ± 001.71              A2
92007  173741 +07.60 07.79  +1.55 +1.88 -000.08 ± 001.22              K5III
92587  174792 +08.09 07.98  +0.12 +0.12 -000.16 ± 001.54              A0
92836  230017 +09.96        +1.83                                     M0
93072         +10.67        +1.44       +041.56 ± 003.77       +08.76 
93539  176555 +07.59 07.67  -0.08 -0.14 -009.20 ± 016.66              B9III:
93635  177434 +08.28 08.31  +0.49 +0.52 -011.78 ± 006.45              F5+...
93825  177474 +04.23        +0.52       +055.89 ± 001.94       +02.97 F7IV-V
94737         +12.25                    -014.37 ± 007.05              
94961         +11.50 10.74  +0.52 +0.55 -005.67 ± 062.04              
95140  349972 +09.50 09.61  +0.10 +0.52 -000.99 ± 002.55              A2
95493  181434 +09.84                                                  F0/F2V
95695  182878 +07.87 08.57  +1.10       +005.98 ± 003.08 +2.45 +01.75 A6+G/KIII
95723         +11.07                                                  
95734  182821 +07.51                    +017.07 ± 001.62       +03.67 F8V
96073         +09.33        +0.56                                     F8
97237         +12.38        +1.72                                     M4...
98216  189068 +08.46 08.80  +0.30 +0.06 -002.12 ± 005.81              B9
99585  191984 +06.25        +0.04       +005.41 ± 001.55       -00.08 A0
99644  192185 +09.35 09.49  +0.04 +0.04 -000.61 ± 003.42              B9
99862  192911 +08.36 08.55  +0.39 +0.38 -002.35 ± 005.15              F5
100141        +11.32 11.30  +0.50 +0.63 -000.57 ± 003.39              B...
101574        +12.14        +1.44       +043.51 ± 008.83       +10.33 M3
102141 196982 +10.27        +1.55       +097.80 ± 004.65       +10.22 Mpe
102682        +11.90        +1.36       +012.81 ± 006.59       +07.44 M0
102690 198005 +08.84 09.00  +1.00 +1.37 -002.20 ± 002.06              G8III
103996 200192 +08.60        +0.89                                     G5III
104078        +11.61        +1.24       +018.60 ± 004.99       +07.96 K:...
104093        +12.04                    -004.00 ± 007.70              
104416        +11.13 11.12  +0.64 +0.69 -000.38 ± 005.44              G5
104565        +11.06        +1.37       +031.55 ± 002.57       +08.55 M1
104596        +11.48        +1.42       +009.67 ± 005.39       +06.41 K:...
104835 201991 +08.31 08.38  +0.45 +0.48 -000.38 ± 002.49              K2/K3III+..
105296 202870 +13.78                                                  G0V
105446 203210 +08.56 08.38  +0.40 +0.41 -000.33 ± 002.92              F3V
106074        +11.17        +1.06       +019.71 ± 008.49       +07.64 M0
106208        +10.85        +1.21       +018.51 ± 002.38       +07.19 
106395 205160 +07.02        +0.53       +018.41 ± 001.46       +03.35 F6IV
106439        +10.67        +1.61       +022.92 ± 003.57       +07.47 K7
106923        +11.67        +1.39       +006.28 ± 005.89       +05.66 K3
107141        +09.26 09.31  +0.17 +0.18 -001.39 ± 002.60              A0
107342        +11.58        +1.29       -000.97 ± 011.36              K7
107393        +11.82                    +031.11 ± 003.93       +09.28 
107711        +11.52        +1.57       +074.42 ± 041.23       +10.88 M6
107874 207975 +09.02 09.20  +0.40 +0.34 -001.57 ± 001.59              A5
108802        +12.37                                                  
109085        +09.11 09.26  +0.29 +0.31 -001.32 ± 002.55              A2
109480        +10.92        +1.48       +026.63 ± 008.18       +08.05 M0
110113        +11.43        +0.92       +002.52 ± 005.53       +03.44 
110145        +10.54 10.77        +0.90 -001.13 ± 010.35              
110310 212094 +08.28 08.86  +0.72       +000.67 ± 001.69 -2.01 -02.59 A3
110526        +10.70        +1.57       +062.18 ± 010.01       +09.67 M0...
110799 213023 +08.47 08.35  +0.75 +0.65 -001.85 ± 001.97              O9V:
110815        +09.14 09.20  -0.05 -0.06 -000.98 ± 001.88              B8
110922        +11.97                    +040.81 ± 007.66       +10.02 
111078        +10.89        +1.30       +028.63 ± 005.59       +08.17 
111126        +09.63 09.69  +0.05 +0.05 -000.05 ± 001.68              A2
111293        +09.12        +1.35                                     K5V
111766        +11.50        +1.59       +067.44 ± 006.47       +10.64 
111824        +11.64        +1.28       +022.13 ± 004.96       +08.36 
112465        +11.59                                                  G
112737        +09.63 09.97  +0.56 +0.52 -001.25 ± 003.25              B8
113760        +10.71        +1.58       +024.70 ± 004.36       +07.67 M0
113999 218195 +08.37 08.46  +0.25 +0.21 +000.00 ± 001.16              O8
114065        +11.17        +1.34       +017.54 ± 007.55       +07.39 M...
114110        +12.24                    +216.52 ± 018.28       +13.92 
114176        +12.28                    +147.95 ± 013.76       +13.13 
114440        +12.09        +1.22       -006.21 ± 010.15              K7
114469        +11.70                    -013.56 ± 007.89              
115455        +10.97        +1.60       +018.74 ± 002.51       +07.33 K7
115781        +13.25                    +026.90 ± 003.06       +10.40 
115798 236128 +10.33 10.57        +0.07 -000.26 ± 002.11              B8
116191        +10.39        +1.48       -016.55 ± 013.75              
116884 222535 +09.30 09.51  +1.60 +0.78 -000.32 ± 002.83              G8:III+F
117461        +12.14        +1.50       +020.46 ± 004.20       +08.69 M1V:
117809        +10.72        +1.44       +022.33 ± 004.61       +07.46 K4
118118        +10.26 10.28  +0.74 +0.82 -000.25 ± 001.94              A0
118221        +12.46        +1.22       +027.89 ± 007.52       +09.69 K7
118281 224635 +05.81        +0.54       +034.47 ± 001.21       +03.50 F8
120276        +12.51                    +005.84 ± 004.58       +06.34 
