HD     HIP    parallax                         G         MG                                         Bp        MBp                                       Rp        MRp                                        Bp_Rp      Bp_G       G_Rp       ruwe       phot_variable_flag  non_single_star distance_gspphot               azero_gspphot       
98618  55459  24.384099475680504 ± 0.019937348 7.5105925 4.446126067536117  ± 0.0017754770877704829 7.8225846 4.758118235962629 ± 0.0017754770877704829 7.0241785 3.95971211184764   ± 0.0017754770877704829 0.7984061  0.31199217 0.48641396 0.9671117  NOT_AVAILABLE       0               40.927  ± 0.066650390625       0.0    ± 9.999999747378752e-05
101364 56948  16.79346890888274  ± 0.013949117 8.522496  4.648198296271826  ± 0.0018036850613878386 8.840738  4.966440369330902 ± 0.0018036850613878386 8.032585  4.158287216865087  ± 0.0018036850613878386 0.80815315 0.31824207 0.48991108 0.89661056 NOT_AVAILABLE       0               59.3658 ± 0.0805511474609375   0.0004 ± 0.0005500000552274287
118598 66530  21.438354574509642 ± 0.27101502  8.035261  4.691218401947912  ± 0.027452339454164587  8.361877  5.017834689179352 ± 0.027452339454164587  7.5312495 4.1872067709359495 ± 0.027452339454164587  0.8306279  0.3266163  0.50401163 10.084781  NOT_AVAILABLE       2               47.2034 ± 1.0273990631103516   0.0001 ± 0.0001500000071246177
138573 76114  33.13733759982472  ± 0.023973519 7.0722537 4.6738417658042835 ± 0.0015709724402270808 7.394054  4.995641997737876 ± 0.0015709724402270808 6.575739  4.17732696859359   ± 0.0015709724402270808 0.818315   0.32180023 0.4965148  0.9899476  NOT_AVAILABLE       0               30.0938 ± 0.06789970397949219  0.0001 ± 0.0002500000118743628
146233 79672  70.73714672122247  ± 0.06312427  5.327651  4.575888713739344  ± 0.0019377745891628884 5.6549315 4.903169235132167 ± 0.0019377745891628884 4.8378544 4.0860920752505745 ± 0.0019377745891628884 0.81707716 0.32728052 0.48979664 0.98405105 NOT_AVAILABLE       0               14.1361 ± 0.015299797058105469 0.0    ± 4.999999873689376e-05
150248 81746  35.957961247038895 ± 0.050101448 6.8677692 4.646744541474705  ± 0.003025588167810511  7.193977  4.97295217926157  ± 0.003025588167810511  6.3671613 4.146136574097996  ± 0.003025588167810511  0.8268156  0.32620764 0.50060797 2.0752661  NOT_AVAILABLE       1               27.8682 ± 0.4986000061035156   0.0001 ± 0.00139999995008111  
164595 88194  35.40197793844217  ± 0.014562073 6.909487  4.654624406147775  ± 0.0008932026888066602 7.232062  4.977199498463451 ± 0.0008932026888066602 6.414317  4.159454766560373  ± 0.0008932026888066602 0.81774473 0.3225751  0.49516964 0.8959606  NOT_AVAILABLE       0               28.1656 ± 0.024100303649902344 0.0    ± 0.0001500000071246177
195034 100963 35.521877566096414 ± 0.02443288  6.938549  4.691028606988722  ± 0.0014935960189310649 7.253479  5.005958569146924 ± 0.0014935960189310649 6.4511247 4.203604233362013  ± 0.0014935960189310649 0.80235434 0.31492996 0.48742437 0.96397793 NOT_AVAILABLE       0               28.045  ± 0.035599708557128906 0.0001 ± 0.0001500000071246177
218544 114328 15.135105873293648 ± 0.019136917 8.581845  4.481772599937031  ± 0.002745623943923192  8.901989  4.80191629958302  ± 0.002745623943923192  8.091139  3.99106615615041   ± 0.002745623943923192  0.81085014 0.3201437  0.49070644 1.0827966  NOT_AVAILABLE       0               65.9371 ± 0.08390045166015625  0.0001 ± 0.0001500000071246177
