166
1237
1581
3443
3651
3765
4391
4614
4628
4747
4813
5133
6582
7570
7924
9540
10307
10360
10476
10647
10700
10780
13445
13974
14412
17051
17925
20630
20766
20794
20807
21175
22049
23356
23484
25665
25680
26965
30495
30876
32147
33262
34411
35112
35296
35854
36435
36705
37394
38858
39091
39587
41593
42807
43162
43587
43834
45088
46588
48682
50692
52698
52711
53143
53705
53706
55575
57095
59747
61606
62613
63077
64096
64468
64606
65583
65907
67199
69830
72673
72905
73667
74576
75732
76151
78366
79969
82443
82885
84117
86728
87883
90839
94765
95128
99491
99492
100623
101501
102365
102438
104304
109200
109358
110833
110897
111395
114710
115404
115617
116442
116443
118972
120690
120780
122064
122742
125072
125276
126053
128311
128620
128621
128642
130004
130307
130948
131156
131511
133640
135204
135599
136352
137763
140538
140901
141004
142267
143761
144253
144579
144628
145675
146233
146835
147513
147584
148653
149661
152391
153557
154088
154345
155885
156274
157214
157347
158614
158633
160269
160346
160691
165185
165341
165499
165908
166620
170657
172051
176051
177565
180161
182488
182572
183870
184467
185144
188088
189567
189733
190067
190248
190360
190404
190406
190771
191408
192263
192310
193664
194640
196761
200525
200560
200968
202940
205390
206860
207129
211415
216520
217014
217107
217580
219134
220140
220339
221354
222335
223778
224930
