hip    
306    
677    
794    
956    
1068   
1902   
2232   
2414   
2444   
2552   
2941   
3419   
4483   
4886   
4976   
5447   
5656   
5929   
6132   
6544   
6586   
7397   
7588   
8008   
36649  
95493  
8024   
8903   
9512   
9640   
9884   
10477  
10552  
10826  
10952  
11034  
11120  
11767  
11829  
12266  
12446  
12717  
12973  
13610  
13773  
14008  
14132  
14135  
14388  
14576  
14676  
15018  
15863  
16008  
16216  
16747  
17782  
17954  
18377  
18618  
18794  
19159  
19258  
19883  
20686  
20745  
20834  
21421  
22951  
24078  
24436  
24608  
25336  
25428  
26311  
62556  
26727  
26830  
26926  
27855  
27989  
27996  
28319  
28360  
28380  
28442  
28666  
30324  
30438  
30733  
30920  
31157  
31509  
31681  
31825  
32000  
32114  
32349  
33579  
34226  
34444  
34716  
35310  
37279  
37826  
38870  
39495  
39953  
40272  
41037  
41554  
41820  
42730  
42913  
43038  
43283  
43615  
43630  
43708  
43820  
44190  
44197  
44471  
44715  
44816  
45238  
45671  
45792  
46390  
46706  
47890  
48029  
48226  
48307  
48337  
48645  
48665  
48746  
49669  
49719  
49961  
50130  
50524  
50572  
50583  
50756  
51145  
51496  
52187  
52190  
52734  
53644  
53989  
54061  
54603  
54653  
54844  
54948  
55203  
55254  
55450  
55505  
55759  
55987  
56391  
57146  
57632  
57689  
57776  
58799  
58902  
59018  
59803  
60178  
60444  
60450  
60718  
60798  
61084  
61231  
61986  
61996  
62434  
62686  
63660  
63738  
63768  
63789  
63882  
64388  
64560  
64999  
65026  
65474  
65740  
65800  
65809  
66008  
66149  
66182  
66657  
66747  
67093  
68002  
68251  
68588  
68702  
68933  
78528  
69653  
69673  
69684  
69700  
69782  
71352  
71467  
71683  
72191  
72607  
73182  
73695  
75117  
75483  
75790  
76119  
76676  
76990  
77188  
77269  
77618  
77631  
77884  
78401  
78597  
78714  
78727  
79336  
80763  
81435  
81693  
81694  
81901  
81919  
82273  
82909  
83477  
84012  
84123  
84140  
84274  
84345  
84859  
85054  
85696  
85705  
85927  
86228  
86257  
86815  
87122  
87565  
87662  
87833  
88079  
88198  
88601  
88607  
88759  
90185  
91256  
91262  
91868  
91889  
92104  
92122  
92836  
92855  
92952  
93119  
93825  
94223  
94926  
94980  
95065  
95723  
96073  
96796  
97237  
97477  
97649  
97766  
98315  
98636  
99376  
100751 
101046 
101390 
101873 
102098 
102782 
102921 
103247 
103647 
103996 
104078 
104565 
105058 
105296 
105682 
107212 
107288 
107315 
107393 
107544 
107711 
108228 
108406 
108802 
110778 
110893 
110922 
111293 
111314 
111766 
111775 
111947 
112122 
112465 
113191 
113368 
113398 
113503 
113881 
113996 
114039 
114065 
114110 
114176 
115404 
115781 
115801 
116191 
116880 
120004 
